12 populations- IBD input
Pop
Genetic statistic (Fst):
0.003395 
0.006888 0.006294 
0.00756 0.0004822 -0.000772 
0.01128 0.003883 0.001671 -0.002062 
-0.002386 0.005146 0.006242 0.001292 -0.002607 
0.001982 -0.001065 -0.0007313 -0.007836 0.0001784 -0.00685 
-0.01243 -0.01129 -0.03039 -0.02543 -0.02058 -0.02787 -0.03449 
-0.006874 0.003722 -0.02095 0.00696 -0.036  -0.01437 -0.03175 -0.08043 
-0.03793 -0.008385 -0.02049 -0.01018 -0.02839 -0.03449 -0.05204 -0.03876 -0.2029 
0.01131 0.007439 -0.003907 -0.00896 0.0006894 0.005237 0.00599 -0.02341 -0.00491 0.03356 
0.003514 0.03359 -0.02065 0.004932 0.005018 0.004672 0.005445 -0.0007934 -0.004386 0.1 -0.02435 
Geographic distances:
9.655581
136.113992 126.498084
108.145274 98.498596 28.53010
84.664109 75.080557 55.83781 27.81817
67.358983 58.489507 81.66463 54.01493 26.23828
48.782644 41.352625 104.27225 76.09690 48.43461 23.43494
37.495313 38.102227 141.97529 113.59086 86.22098 61.48576 38.08574
64.821646 67.590892 167.54632 139.70568 111.90098 85.88173 63.87558 30.72006
82.621723 86.353808 186.40861 158.82274 131.00646 104.83877 83.38157 50.47140 19.95421
88.231987 94.529353 198.79723 175.22332 159.71955 150.37616 135.83581 120.97781 138.51622 149.41604
56.847871 66.497940 192.90999 164.99278 141.12131 121.58038 99.90677 68.99774 74.57698 81.07280 71.27933