Genepop 4.7.5
Allele frequency based correlation (Fis) and diversity ('heterozygosity')

One locus estimates following standard ANOVA as in Weir and Cockerham (1984)

File: PRBI_genepop_2009-11-12.gen.txt (Title line: PRBI all pops)

Number of populations detected : 12
Number of loci detected        : 16


Locus: AC1359
=================================
Pop       Genotypes:
          ------------------------------------------------------------------------------------------------------------------------------------------------------------------------------------------------------------------------------------------------
          237  273  273  275  273  275  277  
          237  273  275  275  277  277  277    Total

1         0    3    7    6    2    2    0       20
2         0    3    10   6    0    2    0       21
7         0    0    5    11   0    0    0       16
8         0    0    6    6    0    3    0       15
9         0    3    3    8    0    1    1       16
10        0    3    8    8    0    2    0       21
11        1    0    7    9    0    2    0       19
13        0    0    1    3    0    0    0       4
14        0    0    0    2    0    0    0       2
15        0    0    1    0    0    0    0       1
19        0    2    6    10   0    2    0       20
22        0    0    1    1    0    0    0       2

Total:    1    14   55   70   2    14   1       157

          1-Qintra   1-Qinter      Fis
-------------------------------------------
1          0.5500     0.5895      0.0670
2          0.5714     0.5381     -0.0619
7          0.3125     0.2708     -0.1538
8          0.6000     0.4714     -0.2727
9          0.2500     0.5479      0.5437
10         0.4762     0.5167      0.0783
11         0.4737     0.4678     -0.0125
13         0.2500     0.2500      0.0000
14         0.0000     0.0000         -  
15         1.0000     0.5000     -1.0000
19         0.4000     0.4579      0.1264
22         0.5000     0.5000      0.0000
-------------------------------------------
     AC1359, All samples:
                      0.4754      0.0561

Locus: AC1578
=================================
Pop       Genotypes:
          ------------------------------------------------------------------------------------------------------------------------------------------------------------------------------------------------------------------------------------------------
          248  248  250  252  
          248  250  250  254    Total

1         9    8    3    0       20
2         4    9    8    0       21
7         3    9    4    0       16
8         4    10   2    0       16
9         5    6    6    0       17
10        6    11   3    0       20
11        5    6    7    1       19
13        1    3    0    0       4
14        1    1    0    0       2
15        1    0    0    0       1
19        1    15   4    0       20
22        0    1    1    0       2

Total:    40   79   38   1       158

          1-Qintra   1-Qinter      Fis
-------------------------------------------
1          0.4000     0.4684      0.1461
2          0.4286     0.4952      0.1346
7          0.5625     0.5125     -0.0976
8          0.6250     0.5042     -0.2397
9          0.3529     0.5184      0.3191
10         0.5500     0.5000     -0.1000
11         0.3684     0.5643      0.3472
13         0.7500     0.5000     -0.5000
14         0.5000     0.5000      0.0000
15         0.0000     0.0000         -  
19         0.7500     0.4947     -0.5160
22         0.5000     0.5000      0.0000
-------------------------------------------
     AC1578, All samples:
                      0.5061     -0.0067

Locus: APR_Cf29
=================================
Pop       Genotypes:
          ------------------------------------------------------------------------------------------------------------------------------------------------------------------------------------------------------------------------------------------------
          183  185  187  187  187  189  191  183  185  187  189  191  193  187  189  187  191  193  187  193  199  203  
          187  187  187  189  191  191  191  193  193  193  193  193  193  195  195  199  199  199  201  201  201  219    Total

1         0    0    3    0    1    0    1    0    0    0    2    1    5    1    0    1    1    1    1    1    0    0       19
2         0    0    1    0    0    1    0    0    0    6    1    0    2    1    0    3    4    1    1    0    0    0       21
7         0    1    3    1    1    0    0    0    1    3    1    0    1    0    0    2    0    1    1    0    0    0       16
8         0    0    3    0    2    0    0    1    0    4    0    0    1    2    0    0    0    2    0    0    0    0       15
9         0    1    5    1    1    0    0    0    1    2    0    1    2    0    0    2    0    0    0    0    0    0       16
10        1    1    1    1    1    0    1    0    0    5    1    1    3    0    0    1    0    0    1    2    1    0       21
11        0    0    2    0    0    0    0    0    0    6    0    1    2    0    2    1    0    3    1    0    0    1       19
13        0    0    0    0    0    0    0    0    0    3    0    0    0    0    0    0    0    1    0    0    0    0       4
14        0    0    0    0    0    0    0    0    0    0    0    0    1    0    0    1    0    0    0    0    0    0       2
15        0    0    0    0    0    0    0    0    0    1    0    0    0    0    0    0    0    0    0    0    0    0       1
19        0    1    4    0    2    0    1    0    1    5    0    0    3    0    0    1    0    1    0    0    1    0       20
22        0    0    0    0    0    0    0    0    0    1    0    0    0    0    0    0    0    1    0    0    0    0       2

Total:    1    4    22   3    8    1    3    1    3    36   5    4    20   4    2    12   5    11   5    3    2    1       156

          1-Qintra   1-Qinter      Fis
-------------------------------------------
1          0.5263     0.7719      0.3182
2          0.8571     0.7857     -0.0909
7          0.7500     0.7208     -0.0405
8          0.7333     0.7000     -0.0476
9          0.5625     0.6667      0.1562
10         0.7619     0.7714      0.0123
11         0.7895     0.7646     -0.0325
13         1.0000     0.6250     -0.6000
14         0.5000     1.0000      0.5000
15         1.0000     0.5000     -1.0000
19         0.6000     0.7158      0.1618
22         1.0000     0.7500     -0.3333
-------------------------------------------
   APR_Cf29, All samples:
                      0.7414      0.0427

Locus: NNG_012
=================================
Pop       Genotypes:
          ------------------------------------------------------------------------------------------------------------------------------------------------------------------------------------------------------------------------------------------------
          110  116  116  118  116  120  
          110  116  118  118  120  120    Total

1         0    13   6    1    0    0       20
2         0    7    11   2    0    0       20
7         0    8    5    3    0    0       16
8         0    6    8    1    0    1       16
9         0    4    11   1    0    0       16
10        0    9    9    2    0    0       20
11        1    9    6    2    1    0       19
13        0    1    3    0    0    0       4
14        0    1    1    0    0    0       2
15        0    0    1    0    0    0       1
19        0    9    8    3    0    0       20
22        0    2    0    0    0    0       2

Total:    1    69   69   15   1    1       156

          1-Qintra   1-Qinter      Fis
-------------------------------------------
1          0.3000     0.3289      0.0880
2          0.5500     0.4789     -0.1484
7          0.3125     0.4708      0.3363
8          0.5000     0.5250      0.0476
9          0.6875     0.4917     -0.3983
10         0.4500     0.4500     -0.0000
11         0.3684     0.5117      0.2800
13         0.7500     0.5000     -0.5000
14         0.5000     0.5000      0.0000
15         1.0000     0.5000     -1.0000
19         0.4000     0.4684      0.1461
22         0.0000     0.0000         -  
-------------------------------------------
    NNG_012, All samples:
                      0.4584      0.0288

Locus: ACH_A11
=================================
Pop       Genotypes:
          ------------------------------------------------------------------------------------------------------------------------------------------------------------------------------------------------------------------------------------------------
          262  266  266  262  266  270  262  264  266  272  266  272  272  262  264  266  268  270  272  274  278  266  278  262  266  270  272  278  262  266  270  278  290  266  272  262  274  262  266  272  274  278  282  290  292  300  302  302  
          266  266  268  270  270  270  272  272  272  272  274  274  276  278  278  278  278  278  278  278  278  280  288  290  290  290  290  290  292  292  292  292  292  296  296  298  300  302  302  302  302  302  302  302  302  302  302  304    Total

1         0    0    0    0    0    1    0    0    1    0    1    0    0    2    0    2    0    0    2    1    0    0    0    0    1    2    0    1    0    0    0    0    0    1    1    0    1    0    2    0    0    1    0    0    0    0    0    0       20
2         1    2    0    1    0    0    0    0    1    0    2    0    0    1    0    0    0    1    1    0    1    0    1    0    0    0    1    2    0    1    0    0    0    0    0    0    0    0    1    0    0    0    1    1    2    0    0    0       21
7         3    2    0    1    1    0    0    0    1    0    1    0    0    0    0    0    0    0    0    1    0    0    0    0    0    0    0    0    0    0    1    0    0    0    0    0    0    0    2    1    0    1    0    1    0    0    0    0       16
8         0    0    0    0    0    0    1    0    4    0    1    0    0    0    1    3    0    0    0    0    0    1    0    0    1    0    0    0    0    0    0    0    0    0    0    0    0    1    2    0    0    1    0    0    0    0    0    0       16
9         1    1    0    0    0    0    1    0    2    1    0    0    0    0    0    2    0    0    0    1    0    0    0    1    0    0    0    2    0    2    0    1    1    0    0    0    0    0    1    0    0    0    0    0    0    0    0    0       17
10        4    2    2    0    0    0    0    0    1    0    0    0    0    0    0    3    0    1    3    0    0    0    0    0    0    0    0    0    1    2    0    0    0    0    0    0    0    0    0    0    0    1    0    0    0    0    0    1       21
11        0    1    0    0    0    0    0    0    5    1    0    0    1    0    1    2    1    0    0    0    0    0    0    0    1    0    1    0    0    1    0    0    0    0    0    0    0    0    3    0    0    0    0    0    0    0    0    0       18
13        0    1    0    0    0    0    0    1    0    0    0    0    0    0    0    0    0    0    0    0    0    0    0    0    1    0    0    0    0    0    0    0    0    0    0    0    0    0    0    0    0    1    0    0    0    0    0    0       4
14        0    0    0    0    0    0    0    0    1    0    0    0    0    0    0    0    0    0    0    0    0    0    0    0    1    0    0    0    0    0    0    0    0    0    0    0    0    0    0    0    0    0    0    0    0    0    0    0       2
15        0    0    0    0    0    0    0    0    1    0    0    0    0    0    0    0    0    0    0    0    0    0    0    0    0    0    0    0    0    0    0    0    0    0    0    0    0    0    0    0    0    0    0    0    0    0    0    0       1
19        0    1    0    0    1    0    0    0    3    0    0    1    0    1    0    3    0    0    1    0    0    0    0    2    0    0    0    0    0    0    0    1    0    0    0    1    0    0    1    0    1    0    0    0    0    1    1    0       19
22        0    0    0    0    0    0    0    0    0    0    2    0    0    0    0    0    0    0    0    0    0    0    0    0    0    0    0    0    0    0    0    0    0    0    0    0    0    0    0    0    0    0    0    0    0    0    0    0       2

Total:    9    10   2    2    2    1    2    1    20   2    7    1    1    4    2    15   1    2    7    3    1    1    1    3    5    2    2    5    1    6    1    2    1    1    1    1    1    1    12   1    1    5    1    2    2    1    1    1       157

          1-Qintra   1-Qinter      Fis
-------------------------------------------
1          0.9500     0.8829     -0.0760
2          0.8571     0.8845      0.0310
7          0.8750     0.8208     -0.0660
8          1.0000     0.8063     -0.2403
9          0.8824     0.8474     -0.0412
10         0.9048     0.8012     -0.1293
11         0.8889     0.7794     -0.1405
13         0.7500     0.9167      0.1818
14         1.0000     0.7500     -0.3333
15         1.0000     0.5000     -1.0000
19         0.8947     0.8743     -0.0234
22         1.0000     0.5000     -1.0000
-------------------------------------------
    ACH_A11, All samples:
                      0.8353     -0.0821

Locus: ACH_A4
=================================
Pop       Genotypes:
          ------------------------------------------------------------------------------------------------------------------------------------------------------------------------------------------------------------------------------------------------
          185  185  187  185  187  189  185  187  189  193  185  189  193  185  187  189  193  185  
          185  187  187  189  189  189  193  193  193  193  196  196  196  202  202  202  202  224    Total

1         1    3    2    3    2    1    2    3    0    0    0    0    0    0    1    0    1    0       19
2         3    1    0    1    3    0    2    5    2    4    0    0    0    0    0    0    0    0       21
7         0    4    3    0    0    2    1    1    1    1    0    1    0    0    2    0    0    0       16
8         0    0    2    0    3    0    4    3    1    0    0    0    0    0    1    1    0    0       15
9         2    3    2    1    2    0    3    1    2    0    0    0    0    1    0    0    0    0       17
10        0    2    5    4    1    1    1    2    1    2    0    1    0    0    1    0    0    0       21
11        0    2    2    3    2    0    4    3    1    0    0    0    0    0    0    0    1    1       19
13        0    0    1    0    0    0    0    3    0    0    0    0    0    0    0    0    0    0       4
14        0    1    0    0    0    0    0    0    0    0    0    0    1    0    0    0    0    0       2
15        0    0    0    0    0    0    0    1    0    0    0    0    0    0    0    0    0    0       1
19        0    3    6    0    4    0    0    4    0    2    1    0    0    0    0    0    0    0       20
22        0    0    1    0    0    0    0    0    0    0    0    0    0    0    1    0    0    0       2

Total:    6    19   24   12   17   4    17   26   8    9    1    2    1    1    6    1    2    1       157

          1-Qintra   1-Qinter      Fis
-------------------------------------------
1          0.7895     0.7719     -0.0227
2          0.6667     0.7321      0.0894
7          0.6250     0.7750      0.1935
8          0.8667     0.7667     -0.1304
9          0.7647     0.7574     -0.0097
10         0.6190     0.7655      0.1913
11         0.8947     0.7822     -0.1439
13         0.7500     0.5000     -0.5000
14         1.0000     1.0000      0.0000
15         1.0000     0.5000     -1.0000
19         0.6000     0.6250      0.0400
22         0.5000     0.5000      0.0000
-------------------------------------------
     ACH_A4, All samples:
                      0.7388      0.0195

Locus: ACH_B9
=================================
Pop       Genotypes:
          ------------------------------------------------------------------------------------------------------------------------------------------------------------------------------------------------------------------------------------------------
          167  167  171  167  171  179  182  167  182  167  171  182  190  167  171  179  182  190  194  182  190  194  167  171  175  182  190  194  198  202  186  202  167  
          167  171  171  182  182  182  182  186  186  190  190  190  190  194  194  194  194  194  194  198  198  198  202  202  202  202  202  202  202  202  206  206  210    Total

1         1    0    0    0    1    0    5    1    2    0    1    5    0    0    0    1    1    0    0    1    0    0    1    0    0    0    0    0    0    0    0    0    0       20
2         1    0    0    7    0    0    4    0    1    1    0    1    0    0    0    0    1    0    0    0    1    0    0    0    0    2    0    1    0    1    0    0    0       21
7         1    0    0    2    2    0    1    0    0    2    0    1    0    1    0    1    2    1    0    0    0    0    0    0    0    0    1    0    0    0    0    1    0       16
8         3    0    0    0    0    0    3    0    0    0    0    0    1    1    0    0    2    0    1    0    0    1    1    0    0    3    0    0    0    0    0    0    0       16
9         1    1    1    1    0    0    3    0    1    2    0    1    0    0    1    0    1    1    0    0    0    0    0    0    0    0    3    0    0    0    0    0    0       17
10        0    2    1    0    3    0    1    0    0    1    0    2    0    1    0    0    2    1    0    1    1    0    0    0    1    0    1    1    0    1    0    0    1       21
11        1    2    0    1    1    1    2    0    0    0    0    2    1    0    1    0    0    1    0    0    0    0    1    0    0    4    0    0    0    0    0    0    0       18
13        0    1    0    0    0    0    0    0    0    0    0    1    0    0    0    0    0    1    0    0    0    0    0    0    0    0    0    0    0    1    0    0    0       4
14        0    0    0    1    0    0    0    0    0    0    0    0    1    0    0    0    0    0    0    0    0    0    0    0    0    0    0    0    0    0    0    0    0       2
15        1    0    0    0    0    0    0    0    0    0    0    0    0    0    0    0    0    0    0    0    0    0    0    0    0    0    0    0    0    0    0    0    0       1
19        0    0    0    4    0    0    2    0    0    0    0    1    2    0    0    0    1    1    1    0    0    0    1    2    0    1    1    1    1    0    1    0    0       20
22        0    1    0    0    0    0    0    0    0    0    0    0    0    0    0    0    0    0    0    0    0    0    0    1    0    0    0    0    0    0    0    0    0       2

Total:    9    7    2    16   7    1    21   1    4    6    1    14   5    3    2    2    10   6    2    2    2    1    4    3    1    10   6    3    1    3    1    1    1       158

          1-Qintra   1-Qinter      Fis
-------------------------------------------
1          0.7000     0.7237      0.0327
2          0.7143     0.7107     -0.0050
7          0.8750     0.8396     -0.0422
8          0.5000     0.7979      0.3734
9          0.7059     0.8382      0.1579
10         0.8571     0.8702      0.0150
11         0.7778     0.8105      0.0403
13         0.7500     0.9583      0.2174
14         0.5000     1.0000      0.5000
15         0.0000     0.0000         -  
19         0.7500     0.8513      0.1190
22         1.0000     0.7500     -0.3333
-------------------------------------------
     ACH_B9, All samples:
                      0.8094      0.0871

Locus: NNG_028
=================================
Pop       Genotypes:
          ------------------------------------------------------------------------------------------------------------------------------------------------------------------------------------------------------------------------------------------------
          294  294  296  310  294  294  296  335  294  296  337  294  294  335  294  294  335  294  294  294  296  335  294  335  347  294  335  358  294  354  356  294  296  335  294  296  335  354  358  362  
          294  296  296  329  333  335  335  335  337  337  337  339  341  341  345  347  347  349  351  354  354  354  356  356  356  358  358  358  360  360  360  362  362  362  364  364  364  364  364  364    Total

1         7    2    0    0    0    1    1    1    0    0    0    1    0    0    0    0    0    0    0    1    0    1    1    0    1    0    1    1    1    0    0    0    0    0    0    0    0    0    0    0       20
2         7    4    1    0    0    2    1    0    0    0    0    0    0    1    0    0    0    0    0    1    0    0    1    0    0    0    0    0    2    0    0    1    0    0    0    0    0    0    0    0       21
7         5    2    0    0    1    3    0    0    0    0    1    0    0    0    0    0    0    1    0    0    0    1    0    1    0    1    0    0    0    0    0    0    0    0    0    0    0    0    0    0       16
8         5    2    0    0    0    6    0    0    0    0    0    0    0    0    0    0    0    0    0    0    0    0    0    0    0    0    0    0    0    1    0    0    0    0    1    0    0    1    0    0       16
9         4    0    0    0    0    1    1    1    0    0    0    0    0    0    1    1    1    0    1    0    0    0    1    0    0    0    0    0    0    0    1    0    0    1    0    0    1    0    1    1       17
10        5    4    0    0    0    2    1    0    0    1    0    0    1    0    0    1    0    0    1    1    0    0    0    0    0    0    1    0    0    0    0    0    1    0    0    1    1    0    0    0       21
11        9    3    0    1    0    3    0    0    0    0    0    0    0    0    0    0    0    0    1    0    0    0    1    0    0    0    1    0    0    0    0    0    0    0    0    0    0    0    0    0       19
13        2    0    1    0    0    0    0    0    1    0    0    0    0    0    0    0    0    0    0    0    0    0    0    0    0    0    0    0    0    0    0    0    0    0    0    0    0    0    0    0       4
14        1    0    0    0    0    0    0    0    0    0    0    0    0    0    0    0    0    0    0    0    0    0    0    0    0    0    0    0    0    0    0    1    0    0    0    0    0    0    0    0       2
15        0    0    0    0    0    0    0    0    0    0    0    0    0    0    0    1    0    0    0    0    0    0    0    0    0    0    0    0    0    0    0    0    0    0    0    0    0    0    0    0       1
19        4    4    0    0    0    6    1    0    1    0    0    0    0    0    0    0    0    0    0    1    1    0    1    1    0    0    0    0    0    0    0    0    0    0    0    0    0    0    0    0       20
22        1    0    0    0    0    0    0    1    0    0    0    0    0    0    0    0    0    0    0    0    0    0    0    0    0    0    0    0    0    0    0    0    0    0    0    0    0    0    0    0       2

Total:    50   21   2    1    1    24   5    3    2    1    1    1    1    1    1    3    1    1    3    4    1    2    5    2    1    1    3    1    3    1    1    2    1    1    1    1    2    1    1    1       159

          1-Qintra   1-Qinter      Fis
-------------------------------------------
1          0.5500     0.7053      0.2201
2          0.6190     0.6190      0.0000
7          0.6250     0.6687      0.0654
8          0.6875     0.6167     -0.1149
9          0.7059     0.8162      0.1351
10         0.7619     0.7333     -0.0390
11         0.5263     0.5249     -0.0028
13         0.2500     0.6667      0.6250
14         0.5000     0.5000      0.0000
15         1.0000     0.5000     -1.0000
19         0.8000     0.6697     -0.1945
22         0.0000     1.0000      1.0000
-------------------------------------------
    NNG_028, All samples:
                      0.6708      0.0470

Locus: ACH_A7
=================================
Pop       Genotypes:
          ------------------------------------------------------------------------------------------------------------------------------------------------------------------------------------------------------------------------------------------------
          271  273  273  275  273  275  277  273  275  
          271  273  275  275  277  277  277  279  279    Total

1         0    11   2    0    5    1    0    1    0       20
2         0    12   1    0    6    0    2    0    0       21
7         0    7    0    0    7    0    0    1    1       16
8         0    6    1    0    3    2    1    3    0       16
9         0    9    2    0    3    2    1    0    0       17
10        0    12   4    1    2    0    1    1    0       21
11        1    12   1    1    3    0    0    0    0       18
13        0    1    0    0    3    0    0    0    0       4
14        0    1    0    0    0    0    0    1    0       2
15        0    1    0    0    0    0    0    0    0       1
19        0    8    3    0    7    1    0    1    0       20
22        0    1    1    0    0    0    0    0    0       2

Total:    1    81   15   2    39   6    5    8    1       158

          1-Qintra   1-Qinter      Fis
-------------------------------------------
1          0.4500     0.4184     -0.0755
2          0.3333     0.4095      0.1860
7          0.5625     0.4875     -0.1538
8          0.5625     0.6021      0.0657
9          0.4118     0.5037      0.1825
10         0.3333     0.4381      0.2391
11         0.2222     0.3938      0.4357
13         0.7500     0.5000     -0.5000
14         0.5000     0.5000      0.0000
15         0.0000     0.0000         -  
19         0.6000     0.5039     -0.1906
22         0.5000     0.5000      0.0000
-------------------------------------------
     ACH_A7, All samples:
                      0.4671      0.0591

Locus: ACH_C1
=================================
Pop       Genotypes:
          ------------------------------------------------------------------------------------------------------------------------------------------------------------------------------------------------------------------------------------------------
          97   97   101  101  97   101  109  113  97   101  113  117  97   101  113  117  101  
          97   101  101  109  113  113  113  113  117  117  117  117  121  121  121  121  129    Total

1         0    1    4    3    0    6    1    0    0    1    1    0    0    2    0    0    1       20
2         0    0    6    2    0    6    0    2    0    1    2    1    0    1    0    0    0       21
7         0    3    2    1    0    6    2    0    0    2    0    0    0    0    0    0    0       16
8         0    1    5    1    0    5    3    0    0    0    0    0    0    0    1    0    0       16
9         0    2    1    3    0    4    3    2    1    0    0    0    0    0    1    0    0       17
10        0    4    4    2    2    6    0    0    0    1    1    0    0    0    0    1    0       21
11        1    1    5    0    0    4    3    1    1    1    0    0    1    1    0    0    0       19
13        0    1    1    0    0    0    1    0    0    1    0    0    0    0    0    0    0       4
14        0    0    0    0    0    0    0    1    0    1    0    0    0    0    0    0    0       2
15        0    0    0    0    0    0    0    1    0    0    0    0    0    0    0    0    0       1
19        0    1    5    1    0    7    0    1    0    2    2    0    0    1    0    0    0       20
22        0    0    1    0    0    1    0    0    0    0    0    0    0    0    0    0    0       2

Total:    1    14   34   13   2    45   13   8    2    10   6    1    1    5    2    1    1       159

          1-Qintra   1-Qinter      Fis
-------------------------------------------
1          0.8000     0.6539     -0.2233
2          0.5714     0.6440      0.1128
7          0.8750     0.6813     -0.2844
8          0.6875     0.6396     -0.0749
9          0.8235     0.7500     -0.0980
10         0.8095     0.6893     -0.1744
11         0.6316     0.7368      0.1429
13         0.7500     0.7917      0.0526
14         0.5000     1.0000      0.5000
15         0.0000     0.0000         -  
19         0.7000     0.6237     -0.1224
22         0.5000     0.5000      0.0000
-------------------------------------------
     ACH_C1, All samples:
                      0.6810     -0.0687

Locus: ACH_D1
=================================
Pop       Genotypes:
          ------------------------------------------------------------------------------------------------------------------------------------------------------------------------------------------------------------------------------------------------
          221  221  265  221  262  269  221  262  269  273  221  269  221  269  273  277  281  221  262  269  277  281  221  269  273  281  285  221  262  269  221  269  281  285  221  269  281  289  221  265  285  293  221  285  281  285  293  269  281  285  289  293  269  281  285  304  313  277  285  293  
          221  262  265  269  269  269  273  273  273  273  277  277  281  281  281  281  281  285  285  285  285  285  289  289  289  289  289  293  293  293  296  296  296  296  300  300  300  300  304  304  304  304  308  308  313  313  313  317  317  317  317  317  321  321  321  321  321  325  329  329    Total

1         0    0    0    1    1    0    0    1    1    0    1    2    2    0    1    0    1    1    0    0    0    1    0    1    0    0    0    1    0    0    1    0    0    0    0    0    0    0    0    0    0    0    1    0    0    1    1    0    0    1    0    0    0    0    0    0    0    0    0    0       20
2         0    1    1    1    0    0    0    0    1    1    1    1    0    2    0    0    0    3    1    1    0    1    1    0    1    0    0    0    0    0    1    0    0    0    0    0    0    1    1    0    0    0    0    0    0    1    0    0    0    0    0    0    0    0    0    0    0    0    0    0       21
7         0    0    0    1    0    0    0    1    1    1    0    0    0    0    0    0    0    0    0    1    1    1    2    0    0    0    0    0    0    0    0    0    0    0    0    0    0    0    0    1    0    0    0    0    0    1    0    0    0    0    0    1    0    0    0    0    0    0    0    0       12
8         1    0    0    0    0    1    0    0    1    0    0    0    1    1    0    0    1    0    0    1    0    1    1    0    0    1    0    0    0    0    0    1    0    0    0    1    0    0    0    0    0    0    0    0    0    0    0    0    0    0    0    1    0    0    0    0    1    0    1    0       15
9         1    0    0    1    0    2    2    0    0    0    2    0    1    0    0    0    0    0    0    0    0    1    0    0    0    1    2    0    0    0    0    0    0    0    0    0    0    0    1    0    0    0    0    0    1    0    0    1    0    0    0    0    0    0    0    0    0    0    0    0       16
10        1    1    0    2    0    0    0    0    1    0    1    1    2    1    0    1    0    1    0    0    0    0    1    1    0    0    1    0    0    0    0    1    0    1    0    0    1    0    0    0    1    0    0    0    0    0    0    0    0    0    0    0    0    0    1    1    0    0    0    0       21
11        1    0    0    1    0    0    1    0    2    0    0    0    2    0    0    0    0    0    0    0    0    1    0    1    0    0    0    0    0    1    0    0    1    0    0    0    0    1    1    0    0    1    0    1    1    0    0    0    0    1    1    0    0    0    0    0    0    0    0    0       18
13        0    0    0    0    0    0    0    0    0    0    0    0    0    0    1    0    0    2    0    0    0    0    0    0    0    0    0    0    0    0    0    0    0    0    0    0    0    0    0    0    0    0    0    0    0    0    0    0    0    0    0    0    0    1    0    0    0    0    0    0       4
14        1    0    0    0    0    0    0    0    0    0    0    0    0    0    0    0    0    1    0    0    0    0    0    0    0    0    0    0    0    0    0    0    0    0    0    0    0    0    0    0    0    0    0    0    0    0    0    0    0    0    0    0    0    0    0    0    0    0    0    0       2
15        0    0    0    0    0    0    0    0    0    0    0    0    0    0    0    0    0    0    0    0    0    0    0    0    0    0    0    0    0    0    0    0    0    0    1    0    0    0    0    0    0    0    0    0    0    0    0    0    0    0    0    0    0    0    0    0    0    0    0    0       1
19        0    0    0    4    0    0    1    0    3    0    0    0    0    1    3    0    0    1    0    0    0    1    1    1    0    0    0    0    1    0    0    0    0    0    0    0    0    0    0    0    0    0    0    0    0    0    0    0    1    0    0    0    1    0    0    0    0    0    0    1       20
22        0    0    0    0    0    0    0    0    0    0    0    0    0    0    1    0    0    0    0    0    0    0    0    0    0    0    0    0    0    0    0    0    0    0    0    0    0    0    0    0    0    0    0    0    0    0    0    0    0    0    0    0    0    0    0    0    0    1    0    0       2

Total:    5    2    1    11   1    3    4    2    10   2    5    4    8    5    6    1    2    9    1    3    1    7    6    4    1    2    3    1    1    1    2    2    1    1    1    1    1    2    3    1    1    1    1    1    2    3    1    1    1    2    1    2    1    1    1    1    1    1    1    1       152

          1-Qintra   1-Qinter      Fis
-------------------------------------------
1          0.9500     0.9053     -0.0494
2          0.9048     0.8988     -0.0066
7          0.9167     0.9318      0.0163
8          0.8000     0.8976      0.1088
9          0.8125     0.8708      0.0670
10         0.9524     0.8881     -0.0724
11         0.9444     0.9150     -0.0321
13         1.0000     0.8750     -0.1429
14         0.5000     0.5000      0.0000
15         1.0000     0.5000     -1.0000
19         1.0000     0.8618     -0.1603
22         1.0000     1.0000      0.0000
-------------------------------------------
     ACH_D1, All samples:
                      0.8902     -0.0267

Locus: ACH_A3
=================================
Pop       Genotypes:
          ------------------------------------------------------------------------------------------------------------------------------------------------------------------------------------------------------------------------------------------------
          264  264  266  
          264  266  266    Total

1         2    9    9       20
2         1    11   9       21
7         2    5    9       16
8         3    10   3       16
9         3    7    7       17
10        2    12   7       21
11        2    7    10      19
13        0    2    2       4
14        0    1    1       2
15        0    0    1       1
19        7    7    6       20
22        1    1    0       2

Total:    23   72   64      159

          1-Qintra   1-Qinter      Fis
-------------------------------------------
1          0.4500     0.4500     -0.0000
2          0.5238     0.4357     -0.2022
7          0.3125     0.4208      0.2574
8          0.6250     0.5125     -0.2195
9          0.4118     0.4890      0.1579
10         0.5714     0.4810     -0.1881
11         0.3684     0.4240      0.1310
13         0.5000     0.4167     -0.2000
14         0.5000     0.5000      0.0000
15         0.0000     0.0000         -  
19         0.3500     0.5158      0.3214
22         0.5000     0.5000      0.0000
-------------------------------------------
     ACH_A3, All samples:
                      0.4654      0.0209

Locus: ACH_A8
=================================
Pop       Genotypes:
          ------------------------------------------------------------------------------------------------------------------------------------------------------------------------------------------------------------------------------------------------
          277  277  277  281  289  277  281  289  291  299  277  
          277  281  289  289  289  299  299  299  299  299  301    Total

1         3    0    3    0    3    4    0    4    0    3    0       20
2         2    0    8    1    1    5    1    2    0    1    0       21
7         1    1    5    0    4    3    0    2    0    0    0       16
8         2    0    7    0    0    4    0    3    0    0    0       16
9         0    1    9    1    1    2    0    3    0    0    0       17
10        3    1    5    1    1    3    0    2    0    4    1       21
11        6    0    3    0    2    4    0    1    0    2    0       18
13        0    0    1    0    1    1    0    0    1    0    0       4
14        1    0    0    0    1    0    0    0    0    0    0       2
15        0    0    0    0    0    1    0    0    0    0    0       1
19        2    1    12   0    2    0    0    2    0    1    0       20
22        0    0    1    0    1    0    0    0    0    0    0       2

Total:    20   4    54   3    17   27   1    19   1    11   1       158

          1-Qintra   1-Qinter      Fis
-------------------------------------------
1          0.5500     0.6868      0.1992
2          0.8095     0.6952     -0.1644
7          0.6875     0.6562     -0.0476
8          0.8750     0.6479     -0.3505
9          0.9412     0.6673     -0.4105
10         0.6190     0.7190      0.1391
11         0.4444     0.6324      0.2972
13         0.7500     0.8333      0.1000
14         0.0000     1.0000      1.0000
15         1.0000     0.5000     -1.0000
19         0.7500     0.6184     -0.2128
22         0.5000     0.5000      0.0000
-------------------------------------------
     ACH_A8, All samples:
                      0.6734     -0.0309

Locus: NNG_004
=================================
Pop       Genotypes:
          ------------------------------------------------------------------------------------------------------------------------------------------------------------------------------------------------------------------------------------------------
          253  253  255  259  
          253  255  255  261    Total

1         0    1    19   0       20
2         0    5    16   0       21
7         0    2    14   0       16
8         1    5    10   0       16
9         1    5    11   0       17
10        1    3    17   0       21
11        0    6    12   1       19
13        0    2    2    0       4
14        0    0    2    0       2
15        0    0    1    0       1
19        0    4    16   0       20
22        0    0    2    0       2

Total:    3    33   122  1       159

          1-Qintra   1-Qinter      Fis
-------------------------------------------
1          0.0500     0.0500      0.0000
2          0.2381     0.2143     -0.1111
7          0.1250     0.1208     -0.0345
8          0.3125     0.3542      0.1176
9          0.2941     0.3382      0.1304
10         0.1429     0.2167      0.3407
11         0.3684     0.3596     -0.0244
13         0.5000     0.4167     -0.2000
14         0.0000     0.0000         -  
15         0.0000     0.0000         -  
19         0.2000     0.1842     -0.0857
22         0.0000     0.0000         -  
-------------------------------------------
    NNG_004, All samples:
                      0.2252      0.0445

Locus: NNG_007
=================================
Pop       Genotypes:
          ------------------------------------------------------------------------------------------------------------------------------------------------------------------------------------------------------------------------------------------------
          284  278  284  286  284  286  288  284  286  288  290  292  
          284  286  286  286  288  288  288  290  290  290  290  292    Total

1         1    0    2    9    2    2    1    0    1    2    0    0       20
2         1    0    7    8    1    1    0    2    1    0    0    0       21
7         2    0    1    7    1    4    0    0    0    1    0    0       16
8         1    0    2    8    1    1    0    0    2    0    1    0       16
9         0    0    5    3    0    0    0    5    4    0    0    0       17
10        2    0    7    5    1    1    0    3    1    1    0    0       21
11        1    1    4    5    0    2    1    1    3    0    0    1       19
13        0    0    1    1    0    0    0    1    1    0    0    0       4
14        1    0    0    0    0    0    0    0    0    0    1    0       2
15        0    0    0    1    0    0    0    0    0    0    0    0       1
19        2    0    5    5    2    1    1    0    3    0    1    0       20
22        0    0    1    1    0    0    0    0    0    0    0    0       2

Total:    11   1    35   53   8    12   3    12   16   4    3    1       159

          1-Qintra   1-Qinter      Fis
-------------------------------------------
1          0.4500     0.6211      0.2754
2          0.5714     0.5702     -0.0021
7          0.4375     0.6000      0.2708
8          0.3750     0.5479      0.3156
9          0.8235     0.6636     -0.2410
10         0.6667     0.6643     -0.0036
11         0.5789     0.6842      0.1538
13         0.7500     0.7083     -0.0588
14         0.0000     1.0000      1.0000
15         0.0000     0.0000         -  
19         0.5500     0.6882      0.2008
22         0.5000     0.5000      0.0000
-------------------------------------------
    NNG_007, All samples:
                      0.6366      0.1252

Locus: APR_Cf39
=================================
Pop       Genotypes:
          ------------------------------------------------------------------------------------------------------------------------------------------------------------------------------------------------------------------------------------------------
          270  272  274  274  276  270  272  274  276  278  267  270  274  276  278  282  274  276  278  282  285  
          274  274  274  276  276  278  278  278  278  278  282  282  282  282  282  282  285  285  285  285  285    Total

1         0    0    0    2    0    1    0    3    1    2    0    0    2    1    2    3    0    0    1    2    0       20
2         0    1    0    0    0    0    1    2    0    1    0    0    1    5    5    3    0    0    0    2    0       21
7         0    0    1    2    1    0    0    1    0    1    0    0    3    2    1    1    1    0    2    0    0       16
8         0    0    0    0    0    0    0    0    0    1    0    0    2    1    5    3    0    0    1    1    1       15
9         0    0    0    0    0    0    0    3    1    1    0    0    2    1    5    1    1    0    0    0    0       15
10        0    0    0    2    0    0    0    1    3    4    0    0    0    0    7    2    0    0    1    0    0       20
11        0    0    1    0    0    0    0    1    1    4    1    0    0    0    4    3    1    1    0    1    0       18
13        0    0    0    0    0    0    0    1    0    0    0    0    0    0    1    1    0    0    1    0    0       4
14        0    0    0    0    0    0    0    0    1    0    0    0    1    0    0    0    0    0    0    0    0       2
15        0    0    0    0    0    0    0    0    0    0    0    0    0    0    0    0    0    0    1    0    0       1
19        1    0    1    0    0    0    0    1    1    0    0    2    4    2    4    3    0    0    0    1    0       20
22        0    0    0    0    0    0    0    1    0    0    0    0    0    1    0    0    0    0    0    0    0       2

Total:    1    1    3    6    1    1    1    14   8    14   1    2    15   13   34   20   3    1    7    7    1       154

          1-Qintra   1-Qinter      Fis
-------------------------------------------
1          0.7500     0.7776      0.0355
2          0.8095     0.7262     -0.1148
7          0.7500     0.8063      0.0698
8          0.6667     0.6786      0.0175
9          0.8667     0.7286     -0.1895
10         0.7000     0.6684     -0.0472
11         0.5556     0.7402      0.2494
13         0.7500     0.7917      0.0526
14         1.0000     1.0000      0.0000
15         1.0000     0.5000     -1.0000
19         0.8000     0.7158     -0.1176
22         1.0000     1.0000      0.0000
-------------------------------------------
   APR_Cf39, All samples:
                      0.7385     -0.0090


============================================
Statistics per sample over all loci with at least two individuals typed:
(DIPLOID loci only)
Sample    1-Qintra   1-Qinter      Fis
--------------------------------------------
1          0.5755     0.6119      0.0595
2          0.6269     0.6153     -0.0188
7          0.5952     0.6064      0.0184
8          0.6494     0.6278     -0.0344
9          0.6429     0.6556      0.0194
10         0.6366     0.6367      0.0001
11         0.5738     0.6291      0.0878
13         0.6875     0.6406     -0.0732
14         0.4688     0.6719      0.3023
15              -          -          -     
19         0.6332     0.6160     -0.0280
22         0.5625     0.5625      0.0000
============================================


======================
1-Qintra per sample over all loci with at least one diploid individual typed:
Sample    1-Qintra       (unweighted average)
----------------------
1          0.5760     
2          0.6266     
7          0.6003     
8          0.6510     
9          0.6436     
10         0.6360     
11         0.5751     
13         0.6875     
14         0.4688     
15         inf        
19         0.6340     
22         0.5625     
======================

Normal ending.
