Title line:"PRBI Allpops no PRBI164,109"
AC1359
AC1578
APR_Cf29
NNG_012
ACH_A11
ACH_A4
NNG_028
ACH_A7
ACH_C1
ACH_D1
ACH_A3
ACH_A8
NNG_004
NNG_007
APR_Cf39
Pop
     1, 0101 0101 0606 0101 0505 0103 0115 0101 0405 0708 0102 0305 0202 0404 0405
     1, 0202 0101 0508 0101 0615 0103 0104 0103 0202 0409 0102 0101 0202 0303 0707
     1, 0101 0102 0609 0102 0913 0104 0101 0101 0202 0204 0101 0303 0202 0303 0707
     1, 0102 0202 0406 0202 0309 0202 0101 0203 0204 0114 0202 0105 0202 0204 0606
     1, 0202 0102 0305 0101 0109 0303 0101 0102 0204 0405 0102 0305 0202 0303 0407
     1, 0203 0101 0606 0101 0717 0102 0204 0101 0204 0707 0202 0105 0102 0405 0405
     1, 0202 0102 0308 0102 0307 0102 0404 0103 0204 0507 0101 0303 0202 0203 0607
     1, 0202 0202 0506 0101 0318 0202 1414 0103 0203 0110 0202 0103 0202 0303 0507
     1, 0103 0102 0606 0102 0313 0000 0102 0101 0304 0104 0102 0105 0202 0204 0406
     1, 0102 0102 0309 0102 0918 0204 0414 0101 0204 0111 0202 0505 0202 0303 0606
     1, 0102 0102 0606 0101 0318 0406 0913 0104 0102 0108 0202 0505 0202 0304 0206
     1, 0102 0101 0606 0102 0315 0203 0112 0103 0203 0815 0202 0103 0202 0404 0707
     1, 0101 0101 0608 0101 0306 0204 0102 0101 0203 0406 0102 0103 0202 0305 0608
     1, 0202 0101 0000 0101 0109 0102 0412 0101 0202 0107 0102 0505 0202 0303 0506
     1, 0202 0102 0505 0101 0609 0103 0106 0101 0207 0406 0102 0303 0202 0202 0406
     1, 0203 0101 0307 0101 0609 0101 0101 0101 0206 1015 0202 0305 0202 0304 0708
     1, 0103 0202 0303 0101 0709 0206 0101 0103 0206 0107 0102 0105 0202 0303 0708
     1, 0102 0101 0303 0101 0513 0104 0113 0101 0204 0816 0202 0101 0202 0203 0407
     1, 0102 0101 0406 0102 0513 0204 0101 0102 0202 0205 0202 0101 0202 0303 0607
     1, 0102 0102 0303 0101 0309 0203 0101 0101 0205 0106 0102 0305 0202 0303 0406
Pop
     2, 0101 0102 0306 0102 0307 0204 0204 0103 0206 0108 0202 0101 0102 0204 0607
     2, 0102 0202 0309 0101 0913 0101 0407 0101 0203 0102 0101 0103 0202 0203 0507
     2, 0102 0102 0308 0102 0613 0203 0102 0101 0204 0406 0202 0103 0102 0303 0708
     2, 0102 0202 0608 0202 0912 0304 0102 0303 0202 0113 0202 0103 0202 0205 0304
     2, 0202 0101 0508 0101 0509 0204 0101 0101 0204 0104 0102 0305 0202 0203 0507
     2, 0102 0102 0405 0101 0303 0404 0116 0102 0404 0407 0202 0105 0202 0205 0707
     2, 0102 0101 0508 0101 1418 0104 0101 0101 0204 0509 0102 0305 0202 0303 0708
     2, 0102 0102 0606 0102 0318 0102 0113 0103 0505 0109 0202 0103 0202 0303 0607
     2, 0203 0102 0306 0102 0105 0204 0101 0101 0203 0708 0102 0101 0102 0203 0707
     2, 0202 0202 0306 0102 1318 0204 0104 0103 0205 0303 0102 0103 0202 0303 0407
     2, 0202 0102 0508 0202 0306 0404 0101 0101 0405 0408 0202 0103 0202 0303 0507
     2, 0203 0202 0307 0000 0609 0203 0101 0101 0202 0912 0202 0205 0202 0304 0607
     2, 0102 0102 0308 0102 1418 0203 0102 0103 0202 0108 0202 0303 0202 0203 0306
     2, 0102 0202 0306 0102 0303 0204 0112 0101 0204 0505 0102 0105 0102 0303 0607
     2, 0102 0102 0306 0102 0307 0304 0115 0103 0204 0111 0102 0105 0202 0202 0606
     2, 0101 0102 0303 0102 1118 0101 0104 0303 0202 0208 0102 0103 0202 0305 0406
     2, 0102 0202 0508 0101 0103 0104 0115 0103 0204 0815 0102 0105 0202 0203 0507
     2, 0202 0101 0308 0101 0909 0404 0101 0101 0404 0407 0102 0505 0202 0303 0507
     2, 0202 0202 0406 0102 0913 0404 0101 0101 0202 0405 0202 0103 0202 0203 0707
     2, 0202 0101 0606 0101 0109 0101 0202 0101 0202 0106 0102 0203 0102 0203 0406
     2, 0101 0202 0306 0102 0314 0103 0102 0101 0405 0108 0102 0105 0202 0303 0607
Pop
     7, 0202 0102 0308 0102 0709 0104 0101 0101 0102 0708 0202 0103 0202 0303 0000
     7, 0202 0202 0606 0101 0318 0102 0104 0103 0204 0608 0202 0105 0102 0405 0606
     7, 0202 0202 0304 0101 0105 0304 0110 0103 0102 0408 0202 0303 0202 0202 0507
     7, 0202 0102 0305 0102 0618 0202 0505 0103 0204 0815 0202 0305 0202 0203 0407
     7, 0102 0202 0303 0101 0514 0305 0413 0104 0204 0505 0202 0303 0202 0303 0405
     7, 0102 0202 0206 0101 0306 0404 0101 0204 0205 0313 0102 0303 0202 0304 0607
     7, 0102 0101 0306 0102 0103 0102 0104 0103 0000 0000 0202 0305 0202 0303 0505
     7, 0102 0102 0306 0202 0318 0303 0102 0101 0102 0104 0202 0103 0202 0304 0608
     7, 0102 0101 0309 0202 0305 0206 0412 0103 0205 0109 0102 0103 0202 0202 0407
     7, 0202 0102 0303 0202 1318 0202 0102 0101 0204 0000 0101 0105 0202 0303 0707
     7, 0202 0102 0306 0101 0303 0204 0104 0101 0202 0000 0101 0105 0202 0303 0407
     7, 0202 0102 0406 0101 0103 0102 0103 0101 0204 1016 0102 0103 0202 0303 0404
     7, 0202 0102 0203 0101 0303 0206 0101 0103 0204 0205 0202 0103 0202 0303 0405
     7, 0202 0102 0303 0102 0307 0202 0101 0101 0202 0109 0102 0102 0102 0304 0608
     7, 0202 0000 0308 0102 0918 0102 0114 0103 0304 0405 0102 0101 0202 0204 0507
     7, 0202 0101 0608 0101 0103 0303 0101 0101 0203 0000 0202 0303 0202 0304 0408
Pop
     8, 0102 0102 0303 0101 0306 0000 0101 0101 0204 1016 0102 0103 0202 0505 0707
     8, 0102 0102 0608 0102 0306 0203 0104 0103 0202 0707 0102 0305 0202 0303 0000
     8, 0000 0000 0000 0303 0318 0202 0101 0203 0204 0404 0102 0101 0101 0203 0000
     8, 0102 0101 0307 0102 0209 0304 0102 0101 0204 0819 0102 0105 0202 0203 0607
     8, 0202 0202 0305 0102 0318 0104 1217 0104 0406 0411 0202 0103 0102 0303 0407
     8, 0203 0102 0303 0101 0310 0306 0104 0203 0202 0408 0102 0105 0202 0305 0000
     8, 0102 0102 0306 0101 0309 0104 0104 0102 0204 0109 0102 0305 0102 0303 0507
     8, 0202 0102 0306 0102 0306 0204 1215 0101 0304 0405 0102 0105 0202 0202 0707
     8, 0202 0102 0306 0101 0309 0206 0102 0104 0304 0101 0202 0101 0202 0305 0607
     8, 0102 0102 0606 0101 0918 0104 0101 0103 0102 0708 0101 0103 0202 0304 0607
     8, 0202 0101 0307 0101 0313 0202 0104 0101 0203 0000 0202 0103 0000 0303 0000
     8, 0203 0101 0306 0202 0307 0203 0104 0103 0000 0000 0101 0105 0102 0303 0607
     8, 0202 0102 0608 0102 0309 0203 0101 0303 0202 0709 0102 0103 0202 0303 0606
     8, 0202 0202 0303 0102 0106 0204 0117 0101 0304 0407 0102 0305 0102 0204 0707
     8, 0203 0102 0305 0102 0306 0204 0101 0101 0202 0412 0101 0103 0202 0303 0407
     8, 0102 0102 0106 0102 0118 0104 0104 0104 0204 0107 0102 0103 0202 0303 0608
Pop
     9, 0202 0102 0306 0102 0309 0202 0101 0101 0304 0106 0202 0103 0202 0303 0000
     9, 0202 0000 0308 0202 0106 0106 0416 0203 0404 0105 0102 0305 0202 0203 0407
     9, 0202 0000 0303 0000 0914 0104 0101 0101 0204 0715 0101 0103 0102 0203 0000
     9, 0202 0202 0303 0101 0113 0102 1617 0102 0304 0416 0101 0103 0102 0205 0406
     9, 0101 0202 0203 0102 0913 0203 0204 0101 0404 0404 0202 0103 0202 0205 0607
     9, 0202 0102 0606 0102 0709 0304 0108 0303 0406 0105 0102 0102 0202 0303 0607
     9, 0101 0102 0303 0101 0103 0102 0101 0101 0203 0107 0102 0103 0202 0305 0406
     9, 0101 0101 0305 0102 0913 0103 0101 0101 0202 0101 0102 0103 0102 0303 0506
     9, 0202 0101 0304 0102 0606 0101 0409 0101 0102 0404 0202 0103 0202 0205 0607
     9, 0203 0101 0606 0102 0306 0202 0104 0103 0203 0709 0102 0105 0202 0203 0607
     9, 0202 0202 0306 0102 0303 0104 0109 0103 0204 0708 0101 0303 0102 0305 0406
     9, 0202 0202 0206 0102 0318 0104 0404 0103 0204 0809 0202 0105 0202 0205 0407
     9, 0102 0102 0506 0102 0309 0203 1315 0101 0203 0106 0202 0103 0101 0203 0408
     9, 0000 0000 0000 0000 0306 0101 0417 0101 0102 0113 0102 0203 0102 0202 0607
     9, 0102 0202 0303 0101 0314 0304 0101 0101 0304 0000 0102 0103 0202 0203 0707
     9, 0102 0102 0308 0101 0314 0102 1417 0102 0204 0809 0202 0305 0202 0305 0606
     9, 0303 0102 0303 0102 1314 0204 0113 0203 0105 0104 0202 0305 0202 0305 0507
Pop
    10, 0102 0102 0809 0101 1819 0204 0102 0102 0202 0409 0102 0101 0202 0203 0607
    10, 0202 0101 0606 0101 0303 0303 0102 0101 0102 0607 0202 0105 0202 0203 0606
    10, 0202 0202 0306 0202 0509 0104 0204 0103 0204 0104 0102 0106 0202 0303 0000
    10, 0102 0102 0505 0102 0309 0103 0205 0102 0204 0817 0202 0505 0101 0304 0406
    10, 0102 0102 0306 0101 0309 0404 0111 0102 0202 0101 0102 0103 0102 0303 0607
    10, 0102 0102 0609 0101 0609 0203 0101 0101 0204 0407 0102 0105 0102 0202 0707
    10, 0202 0102 0305 0102 0304 0202 0104 0101 0203 0108 0202 0505 0202 0203 0707
    10, 0101 0102 0306 0101 0103 0404 0101 0101 0000 0809 0102 0101 0202 0205 0506
    10, 0102 0102 0203 0102 0304 0204 0217 0101 0104 0813 0202 0303 0202 0202 0405
    10, 0202 0101 0506 0102 0309 0202 0107 0101 0204 0406 0202 0203 0202 0203 0506
    10, 0202 0101 0306 0102 0314 0202 0417 0102 0102 1317 0102 0102 0202 0303 0608
    10, 0203 0102 0308 0102 0114 0202 0101 0104 0405 0712 0101 0305 0202 0204 0606
    10, 0202 0102 0609 0101 0303 0102 0102 0103 0000 0104 0102 0105 0202 0303 0606
    10, 0102 0102 0309 0102 0314 0103 0216 0101 0203 0107 0102 0103 0202 0305 0607
    10, 0101 0000 0103 0000 0609 0206 0112 0101 0204 0102 0101 0505 0202 0303 0000
    10, 0202 0202 0406 0102 0306 0305 0104 0101 0202 0411 0202 0101 0202 0203 0405
    10, 0102 0102 0606 0101 0918 0304 0109 0303 0506 0811 0102 0103 0202 0205 0607
    10, 0202 0101 0303 0202 0609 0103 0101 0202 0104 0405 0102 0305 0102 0203 0607
    10, 0203 0101 0606 0102 0103 0202 0101 0101 0205 0109 0202 0505 0202 0203 0607
    10, 0102 0101 0306 0101 0103 0103 0414 0101 0202 0106 0102 0103 0202 0205 0506
    10, 0101 0202 0304 0101 0103 0102 0102 0101 0204 0107 0102 0103 0202 0405 0606
Pop
    11, 0202 0202 0306 0102 0318 0203 0101 0101 0205 0715 0202 0305 0202 0202 0707
    11, 0202 0102 0306 0101 0306 0103 0101 0101 0202 0113 0102 0101 0202 0103 0607
    11, 0202 0101 0608 0101 0608 0104 0104 0101 0404 0708 0202 0505 0102 0305 0406
    11, 0102 0101 0608 0101 0306 0104 0101 0000 0000 0107 0202 0303 0202 0205 0707
    11, 0202 0101 0306 0102 0318 0204 0101 0103 0204 0101 0102 0105 0102 0303 0707
    11, 0202 0102 0506 0101 0306 0103 0104 0103 0304 0814 0202 0103 0102 0305 0607
    11, 0102 0202 0606 0101 0318 0102 0101 0103 0204 0409 0102 0105 0202 0203 0408
    11, 0202 0000 0303 0202 0303 0102 0113 0101 0304 0107 0101 0101 0202 0303 0607
    11, 0202 0202 0306 0101 0409 0203 0414 0202 0304 0912 0102 0101 0102 0303 0000
    11, 0203 0101 0606 0101 0613 0204 0104 0101 0105 0711 0202 0101 0102 0404 0107
    11, 0202 0202 0306 0102 0309 0104 0101 0101 0202 0105 0202 0105 0102 0304 0508
    11, 0102 0102 0407 0103 0309 0104 0102 0101 0206 0405 0102 0105 0202 0203 0606
    11, 0102 0102 0306 0102 0313 0304 0111 0101 0202 0405 0102 0101 0202 0305 0606
    11, 0102 0101 0303 0101 0306 0204 0101 0102 0204 0410 0202 0505 0202 0304 0606
    11, 0202 0202 0608 0102 0306 0103 0102 0101 0202 0916 0202 0101 0202 0203 0607
    11, 0102 0000 0308 0102 0606 0202 0101 0101 0204 0000 0202 0103 0202 0303 0606
    11, 0203 0202 0309 0202 0209 0406 0102 0101 0202 0104 0101 0103 0202 0303 0506
    11, 0102 0102 0407 0101 0314 0202 0101 0101 0106 0816 0102 0303 0202 0203 0404
Pop
    13, 0202 0102 0608 0102 0918 0202 0202 0103 0205 0717 0202 0303 0102 0303 0406
    13, 0202 0101 0306 0101 0303 0204 0105 0101 0202 0108 0102 0103 0202 0305 0607
    13, 0102 0102 0306 0102 0313 0204 0101 0103 0304 0108 0202 0405 0102 0203 0707
    13, 0202 0102 0306 0102 0206 0204 0101 0103 0102 0507 0102 0105 0202 0205 0608
Pop
    14, 0202 0101 0308 0102 0306 0405 0101 0101 0404 0101 0202 0303 0202 0505 0407
    14, 0202 0102 0606 0101 0313 0102 0116 0104 0205 0108 0102 0101 0202 0202 0000
Pop
    15, 0102 0101 0306 0102 0306 0204 0109 0101 0404 0112 0202 0105 0202 0303 0608
Pop
    22, 0102 0202 0306 0101 0307 0202 0101 0101 0202 0618 0102 0303 0202 0203 0406
    22, 0202 0102 0608 0101 0307 0206 0404 0102 0204 0507 0101 0103 0202 0303 0507 